[?25l[48;2;30;30;46m               [38;2;73;145;197;48;2;38;59;82m▗[38;2;81;162;218;48;2;30;30;46m▄▄▄▄▄▄▄▄▄[38;2;70;141;190;48;2;34;50;70m▖[48;2;30;30;46m              [0m
[48;2;30;30;46m          [38;2;73;145;197m▗[38;2;81;162;218m▄[38;2;51;93;127;48;2;81;162;218m▘               [38;2;39;62;89m▝[38;2;81;162;218;48;2;30;30;46m▄[38;2;63;122;166m▖         [0m
[48;2;30;30;46m       [38;2;81;162;218m▗[48;2;41;69;95m▄[38;2;77;156;211;48;2;81;162;218m▘                      [38;2;81;162;218;48;2;32;40;59m▄[38;2;73;145;197;48;2;30;30;46m▖      [0m
[48;2;30;30;46m     [38;2;81;162;218m▗[38;2;30;30;46;48;2;76;151;204m▘[48;2;81;162;218m                           [38;2;81;162;218;48;2;43;75;102m▄[38;2;77;156;211;48;2;30;30;46m▖    [0m
[48;2;30;30;46m    [38;2;30;30;46;48;2;77;154;208m▘[48;2;81;162;218m                 [48;2;75;149;202m▗[48;2;81;162;218m▄▄▄[38;2;43;75;102m▄         [38;2;73;146;197;48;2;43;75;102m▄[48;2;30;30;46m   [0m
[48;2;30;30;46m  [38;2;75;150;203m▗[38;2;30;30;46;48;2;81;162;218m▘               [48;2;79;158;213m▗[38;2;65;128;174;48;2;31;37;55m▘[48;2;30;30;46m       [38;2;76;152;204m▝[38;2;37;57;79;48;2;81;162;218m▄       [38;2;39;62;89m▝[38;2;54;102;138;48;2;30;30;46m▖ [0m
[48;2;30;30;46m  [38;2;47;85;116;48;2;81;162;218m▘               [38;2;30;30;46m▗[48;2;30;30;46m   [38;2;79;159;214m▄[38;2;81;162;218;48;2;41;69;95m▄[48;2;70;141;190m▄[48;2;47;84;115m▄[48;2;30;30;46m▄[38;2;57;109;149m▖  [38;2;37;57;79;48;2;72;143;193m▌[48;2;81;162;218m       [38;2;30;30;46m▝[48;2;30;30;46m [0m
[48;2;30;30;46m [38;2;39;63;88;48;2;81;162;218m▌                [38;2;71;141;190;48;2;30;30;46m▌  [38;2;30;30;46;48;2;81;162;218m▌     [38;2;81;162;218;48;2;39;63;88m▌[48;2;30;30;46m   [48;2;81;162;218m        [38;2;79;159;214;48;2;30;30;46m▌[0m
[48;2;30;30;46m [48;2;81;162;218m                 [38;2;71;141;190;48;2;30;30;46m▌  [38;2;30;30;46;48;2;81;162;218m▌     [38;2;51;94;127m▝[38;2;81;162;218;48;2;41;66;92m▖[38;2;52;96;131;48;2;30;30;46m▄[38;2;81;162;218;48;2;37;57;79m▄[48;2;81;162;218m        [38;2;75;150;203m▝[0m
[38;2;30;30;46;48;2;65;129;174m▌[48;2;81;162;218m                 [38;2;71;141;190;48;2;30;30;46m▌  [38;2;30;30;46;48;2;81;162;218m▌                  [0m
[38;2;30;30;46;48;2;81;162;218m▌         [38;2;47;84;115m▄[38;2;30;30;46;48;2;79;159;214m▄[38;2;51;94;127;48;2;30;30;46m▘   [38;2;30;30;46;48;2;71;141;190m▌[48;2;81;162;218m [38;2;71;141;190;48;2;30;30;46m▌      [38;2;81;162;218m▝[38;2;71;141;190;48;2;81;162;218m▖             [0m
[38;2;30;30;46;48;2;81;162;218m▌       [38;2;37;57;79;48;2;73;145;197m▄[48;2;30;30;46m       [38;2;30;30;46;48;2;71;141;190m▌[48;2;81;162;218m [38;2;71;141;190;48;2;30;30;46m▌      [38;2;73;146;197;48;2;32;40;59m▄[38;2;77;156;211;48;2;81;162;218m▘             [0m
[38;2;30;30;46;48;2;81;162;218m▌      [38;2;81;162;218;48;2;34;50;70m▘[48;2;30;30;46m  [38;2;70;141;190m▗[38;2;81;162;218;48;2;34;48;70m▄[48;2;81;162;218m      [38;2;71;141;190;48;2;30;30;46m▌  [38;2;30;30;46;48;2;81;162;218m▌                 [38;2;54;102;138m▗[0m
[38;2;30;30;46;48;2;81;162;218m▌      [48;2;30;30;46m   [38;2;39;62;89;48;2;81;162;218m▘       [38;2;71;141;190;48;2;30;30;46m▌  [38;2;30;30;46;48;2;81;162;218m▌                 [38;2;81;162;218;48;2;38;59;82m▘[0m
[38;2;30;30;46;48;2;81;162;218m▌      [48;2;30;30;46m   [48;2;76;151;204m▖[48;2;81;162;218m       [38;2;51;94;127;48;2;30;30;46m▘  [38;2;30;30;46;48;2;81;162;218m▌                [48;2;77;155;209m▗[48;2;30;30;46m [0m
[38;2;30;30;46;48;2;81;162;218m▌      [48;2;77;156;210m▝[48;2;30;30;46m   [48;2;77;154;207m▄[38;2;34;48;70;48;2;81;162;218m▄[38;2;69;135;182m▖ [38;2;39;62;89;48;2;77;153;206m▗[38;2;30;30;46;48;2;81;162;218m▄[48;2;30;30;46m   [38;2;81;162;218;48;2;38;59;82m▗[48;2;81;162;218m                [38;2;32;40;59m▄[48;2;30;30;46m  [0m
[38;2;30;30;46;48;2;81;162;218m▌       [48;2;79;160;215m▝[38;2;81;162;218;48;2;38;59;82m▖[48;2;30;30;46m        [38;2;65;129;174m▗[38;2;30;30;46;48;2;75;149;202m▘[48;2;81;162;218m               [38;2;74;146;196m▗[38;2;81;162;218;48;2;31;37;55m▘[48;2;30;30;46m   [0m
[38;2;30;30;46;48;2;81;162;218m▌          [38;2;57;108;147;48;2;78;156;211m▝[38;2;81;162;218;48;2;30;30;46m▄▄▄▄[38;2;30;30;46;48;2;75;149;202m▘[48;2;81;162;218m                [38;2;78;156;211m▗[38;2;30;30;46m▄[48;2;30;30;46m     [0m
[38;2;74;146;196;48;2;33;43;63m▝[48;2;81;162;218m                              [38;2;34;48;70m▄[38;2;30;30;46;48;2;71;140;189m▄[48;2;30;30;46m       [0m
[48;2;30;30;46m [38;2;32;40;59;48;2;76;151;204m▄[48;2;81;162;218m                         [38;2;30;30;46;48;2;76;151;204m▗[48;2;81;162;218m▄[48;2;73;145;197m▄[48;2;30;30;46m          [0m
[?25h