[?25l[49m                    [49m [38;2;65;85;148;49m▄[38;2;70;96;162;49m▄[38;2;72;104;170m▄[38;2;69;105;165;49m▄[38;2;54;86;132m▄[49m [49m                    [0m
[49m                [49m [38;2;64;62;134;49m▄[38;2;75;78;160;49m▄[38;2;78;88;170;48;2;65;73;142m▄[38;2;78;94;174;48;2;77;93;171m▄[38;2;79;101;178;48;2;79;102;179m▄[38;2;79;108;183;48;2;79;109;183m▄[38;2;80;115;187;48;2;80;115;188m▄[48;2;80;122;192m [38;2;81;128;196;48;2;81;129;197m▄[38;2;82;134;201;48;2;74;121;181m▄[38;2;83;140;205;48;2;50;85;124m▄[38;2;73;127;182;49m▄[49m [49m [49m                [0m
[49m            [49m [38;2;59;39;91;49m▄[38;2;78;55;136;49m▄[38;2;76;60;151;48;2;60;48;120m▄[38;2;76;66;156;48;2;73;64;148m▄[38;2;77;73;160;48;2;77;74;160m▄[48;2;77;80;165m [38;2;77;87;169;48;2;78;87;169m▄[38;2;65;78;145;48;2;78;94;174m▄[38;2;31;39;71;48;2;77;99;174m▄[38;2;0;0;0;48;2;67;91;154m▄[48;2;65;94;154m▄[38;2;1;2;4;48;2;71;108;171m▄[38;2;53;84;128;48;2;81;128;196m▄[38;2;75;123;183;48;2;82;134;201m▄[48;2;83;140;205m [38;2;84;146;209;48;2;85;146;210m▄[38;2;86;152;214;48;2;86;152;214m▄[38;2;87;158;219;48;2;73;132;183m▄[38;2;87;161;219;49m▄[38;2;73;137;185;49m▄[49m [49m             [0m
[49m         [49m [38;2;103;55;109;49m▄[38;2;116;66;137;49m▄[38;2;108;65;143;48;2;91;55;122m▄[38;2;97;63;145;48;2;96;63;145m▄[38;2;86;61;148;48;2;85;60;148m▄[38;2;77;60;151;48;2;76;60;151m▄[38;2;69;60;142;48;2;76;66;155m▄[38;2;48;46;101;48;2;77;73;160m▄[38;2;0;0;0;48;2;67;69;143m▄[49m        [38;2;0;0;0;48;2;61;102;150m▄[38;2;20;35;51;48;2;80;138;198m▄[38;2;68;120;170;48;2;86;151;214m▄[38;2;84;152;212;48;2;87;157;218m▄[48;2;88;163;223m [38;2;89;169;227;48;2;90;169;227m▄[38;2;91;175;232;48;2;87;168;222m▄[38;2;92;181;236;48;2;71;140;182m▄[38;2;87;173;224;49m▄[38;2;65;130;168;49m▄[49m [49m         [0m
[49m      [49m [38;2;148;69;117;49m▄[38;2;153;74;132;48;2;111;54;96m▄[38;2;142;72;134;48;2;134;68;127m▄[48;2;131;70;137m [38;2;120;67;140;48;2;119;67;140m▄[38;2;107;64;140;48;2;108;65;143m▄[38;2;78;50;115;48;2;97;63;145m▄[38;2;23;16;38;48;2;82;58;140m▄[38;2;0;0;0;48;2;57;44;111m▄[49m    [49m [38;2;182;135;128;49m▄[38;2;231;168;160;49m▄[38;2;245;174;167;49m▄[38;2;219;153;147;49m▄[49m [49m     [38;2;0;0;0;48;2;73;134;184m▄[38;2;39;73;99;48;2;89;167;225m▄[38;2;78;150;200;48;2;91;175;232m▄[48;2;92;180;236m [48;2;93;186;240m [48;2;94;188;242m [38;2;94;188;242;48;2;84;168;216m▄[38;2;93;187;241;49m▄[38;2;75;150;193;49m▄[49m [49m      [0m
[49m     [38;2;128;55;85;49m▄[38;2;176;79;126;48;2;165;74;118m▄[38;2;165;77;129;48;2;165;76;129m▄[38;2;154;74;131;48;2;154;74;132m▄[38;2;130;65;121;48;2;143;72;134m▄[38;2;73;39;75;48;2;132;70;137m▄[38;2;0;0;0;48;2;101;57;117m▄[49m       [49m [38;2;235;177;169;48;2;148;111;106m▄[48;2;255;189;180m [48;2;255;185;177m [48;2;255;182;174m [48;2;255;178;171m [38;2;255;174;168;48;2;232;159;153m▄[38;2;163;110;106;49m▄[49m        [38;2;6;12;16;48;2;84;168;217m▄[38;2;68;136;176;48;2;94;188;242m▄[38;2;89;178;229m▄  [38;2;93;188;241;48;2;67;136;175m▄[49m [49m     [0m
[49m    [49m [38;2;188;81;123;48;2;183;79;120m▄[48;2;177;79;126m [48;2;166;77;129m [38;2;88;42;72;48;2;134;64;114m▄[49m         [49m [38;2;229;176;167;48;2;153;117;111m▄[48;2;255;192;183m [48;2;255;189;180m [38;2;221;161;154;48;2;255;185;177m▄[38;2;178;127;122;48;2;255;182;174m▄[38;2;251;175;168;48;2;255;178;171m▄[48;2;255;174;168m [38;2;255;171;165;48;2;240;161;156m▄[38;2;168;111;107;49m▄[49m          [38;2;65;130;168;48;2;89;179;230m▄[48;2;94;188;242m  [38;2;77;154;198;48;2;70;141;181m▄[49m     [0m
[49m    [49m [38;2;190;81;123;48;2;189;81;123m▄[38;2;179;79;126;48;2;178;79;126m▄[38;2;168;77;128;48;2;167;77;128m▄[49m [49m        [49m [38;2;214;168;159;48;2;144;112;106m▄[48;2;255;196;185m [48;2;255;192;183m [38;2;215;160;152;48;2;255;189;180m▄[49m [49m [38;2;111;77;74;48;2;182;127;122m▄[38;2;252;172;166;48;2;255;174;168m▄[48;2;255;171;165m [38;2;255;167;162;48;2;241;159;154m▄[38;2;167;108;105;49m▄[49m         [38;2;55;111;142;48;2;75;151;195m▄[38;2;37;75;96;48;2;93;187;240m▄[38;2;41;20;20;48;2;82;164;211m▄[49m [49m     [0m
[49m    [49m [38;2;191;82;123;48;2;190;82;123m▄[38;2;180;80;125;48;2;179;79;125m▄[38;2;169;77;128;48;2;168;77;128m▄[49m [49m       [49m [38;2;199;159;150;49m▄[48;2;255;199;188m [48;2;255;196;185m [38;2;229;173;165;48;2;255;192;183m▄[38;2;35;26;25;48;2;144;107;102m▄[49m   [38;2;107;73;70;48;2;180;123;118m▄[38;2;252;169;163;48;2;255;171;165m▄[48;2;255;167;162m [38;2;255;164;159;48;2;242;156;151m▄[38;2;171;108;105;49m▄[49m    [49m [49m [38;2;210;112;112;49m▄[38;2;233;121;121;49m▄[38;2;255;129;130;49m▄[38;2;255;125;127;48;2;218;107;109m▄[48;2;241;118;120m▄[38;2;231;113;115;48;2;235;115;117m▄[49m     [0m
[49m    [49m [38;2;192;82;122;48;2;191;82;122m▄[38;2;181;80;125;48;2;180;80;125m▄[38;2;170;78;128;48;2;169;77;128m▄[49m [49m       [38;2;182;147;139;49m▄[38;2;255;203;191;48;2;254;202;191m▄[48;2;255;199;188m [38;2;240;185;175;48;2;255;196;185m▄[38;2;67;51;48;48;2;158;120;114m▄[49m     [38;2;109;73;70;48;2;179;120;116m▄[38;2;251;165;160;48;2;255;167;162m▄[48;2;255;164;159m [38;2;255;160;156;48;2;244;154;150m▄[38;2;211;130;127;49m▄[38;2;215;130;127;49m▄[38;2;242;143;140;49m▄[38;2;255;146;144;48;2;194;111;110m▄[38;2;255;143;142;48;2;223;125;124m▄[38;2;255;139;139;48;2;253;138;138m▄[48;2;255;136;136m [48;2;255;132;133m [48;2;255;129;130m [38;2;247;121;123;48;2;255;125;127m▄[38;2;228;111;113m▄[38;2;185;90;92;48;2;231;113;115m▄[49m     [0m
[49m    [49m [38;2;193;82;122;48;2;192;82;122m▄[38;2;182;80;125;48;2;181;80;125m▄[38;2;171;78;127;48;2;170;78;128m▄[49m [49m      [38;2;177;146;137;49m▄[38;2;255;206;194;48;2;251;203;192m▄[48;2;255;203;191m [38;2;247;193;183;48;2;255;199;188m▄[38;2;88;68;64;48;2;168;130;123m▄[49m     [49m [38;2;192;129;124;49m▄[38;2;231;152;147;48;2;182;119;116m▄[48;2;255;164;159m [48;2;255;160;156m [48;2;255;157;153m [48;2;255;153;150m [48;2;255;150;147m [48;2;255;146;144m [38;2;227;127;126;48;2;255;143;142m▄[38;2;198;108;108;48;2;255;139;139m▄[38;2;77;41;41;48;2;248;132;132m▄[38;2;0;0;0;48;2;218;113;113m▄[48;2;192;97;98m▄[49m        [0m
[49m    [49m [48;2;194;82;122m [38;2;183;80;124;48;2;183;80;125m▄[48;2;172;78;127m [49m [49m     [38;2;171;143;134;49m▄[38;2;255;210;197;48;2;247;204;192m▄[48;2;255;206;194m [38;2;252;201;189;48;2;255;203;191m▄[38;2;106;83;79;48;2;175;137;130m▄[49m  [49m [38;2;199;144;138;49m▄[38;2;240;171;164;49m▄[38;2;255;178;171;48;2;201;140;135m▄[38;2;255;174;168;48;2;239;164;157m▄[48;2;255;171;165m [48;2;255;167;162m [48;2;255;164;159m [38;2;235;148;144;48;2;255;160;156m▄[38;2;201;124;121;48;2;255;157;153m▄[38;2;82;49;48;48;2;246;148;145m▄[38;2;0;0;0;48;2;214;126;124m▄[49m              [0m
[49m    [49m [48;2;195;83;122m [48;2;184;80;124m [48;2;173;78;127m [49m [49m    [38;2;151;128;120;49m▄[38;2;255;213;200;48;2;243;203;191m▄[48;2;255;210;197m [38;2;254;205;194;48;2;255;206;194m▄[38;2;87;70;66;48;2;183;146;138m▄[49m [38;2;232;179;169;49m▄[38;2;255;192;183;48;2;193;146;138m▄[38;2;255;189;180;48;2;239;177;169m▄[48;2;255;185;177m [48;2;255;182;174m [48;2;255;178;171m [38;2;227;155;150;48;2;255;174;168m▄[38;2;170;114;110;48;2;255;171;165m▄[38;2;9;6;6;48;2;228;150;145m▄[38;2;0;0;0;48;2;185;119;116m▄[49m [38;2;199;184;171;49m▄[38;2;244;216;201;49m▄[38;2;255;199;188;48;2;204;159;151m▄[38;2;197;135;130;49m▄[49m [49m            [0m
[49m    [49m [48;2;196;83;121m [48;2;185;81;124m [48;2;174;78;127m [49m [49m   [38;2;158;136;127;49m▄[38;2;255;217;203;48;2;236;201;188m▄[48;2;255;213;200m [48;2;255;210;197m [38;2;255;206;194;48;2;221;179;169m▄[38;2;255;203;191;48;2;217;173;163m▄[38;2;255;199;188;48;2;254;199;188m▄[48;2;255;196;185m [48;2;255;192;183m [38;2;240;178;169;48;2;255;189;180m▄[38;2;187;136;130;48;2;255;185;177m▄[38;2;32;23;22;48;2;229;164;157m▄[38;2;0;0;0;48;2;171;120;115m▄[49m     [38;2;95;88;82;48;2;174;161;150m▄[38;2;244;215;201;48;2;255;225;210m▄[48;2;255;199;188m [38;2;255;172;166;48;2;254;172;166m▄[38;2;215;124;123;49m▄[49m [49m           [0m
[49m    [49m [48;2;197;83;121m [38;2;187;81;124;48;2;186;81;124m▄[38;2;176;79;126;48;2;175;79;126m▄[49m [49m  [38;2;163;143;133;49m▄[38;2;255;220;206;48;2;237;205;192m▄[48;2;255;217;203m [48;2;255;213;200m [48;2;255;210;197m [48;2;255;206;194m [48;2;255;203;191m [38;2;239;187;177;48;2;255;199;188m▄[38;2;146;112;106;48;2;254;195;185m▄[38;2;0;0;0;48;2;208;157;149m▄[49m          [38;2;83;70;66;48;2;165;143;134m▄[38;2;218;170;161;48;2;255;199;188m▄[38;2;201;137;132;48;2;255;172;166m▄[38;2;78;47;46;48;2;246;141;140m▄[49m [49m [38;2;75;151;195;49m▄[38;2;82;164;211m▄[38;2;91;183;236;49m▄[38;2;94;188;242;49m▄[38;2;83;167;215;48;2;66;133;171m▄[49m     [0m
[49m    [49m [38;2;198;83;121;48;2;197;83;121m▄[38;2;188;81;123;48;2;187;81;123m▄[38;2;177;79;126;48;2;176;79;126m▄[49m [49m [38;2;165;147;137;49m▄[38;2;255;224;209;48;2;237;208;195m▄[48;2;255;220;206m [48;2;255;217;203m [48;2;255;213;200m [48;2;255;210;197m [38;2;211;171;161;48;2;255;206;194m▄[38;2;61;49;46;48;2;224;178;168m▄[49m           [49m [49m [38;2;77;154;199;49m▄[38;2;87;174;224;49m▄[38;2;94;188;242;49m▄[48;2;78;156;201m▄[48;2;86;172;222m▄[48;2;94;188;242m  [38;2;92;186;239m▄[38;2;82;165;212m▄[38;2;76;152;196m▄[38;2;49;99;128;48;2;83;166;214m▄[49m     [0m
[49m    [49m [38;2;194;81;118;48;2;198;83;121m▄[38;2;189;81;123;48;2;188;81;123m▄[38;2;177;79;125;48;2;177;79;126m▄[49m [38;2;155;140;130;49m▄[38;2;255;227;212;48;2;241;215;200m▄[48;2;255;224;209m [48;2;255;220;206m [48;2;255;217;203m [38;2;211;177;166;48;2;255;213;200m▄[38;2;38;31;29;48;2;201;166;156m▄[49m        [49m [49m [38;2;72;127;180;49m▄[38;2;84;153;212;49m▄[38;2;89;165;224;48;2;69;129;175m▄[38;2;90;172;230;48;2;81;155;207m▄[48;2;92;179;235m [48;2;93;186;240m [48;2;94;188;242m [38;2;86;173;223m▄[38;2;76;153;197m▄[38;2;37;74;96;48;2;93;186;240m▄[38;2;13;26;35;48;2;82;165;212m▄[38;2;67;127;170;48;2;73;147;189m▄[38;2;78;151;200;49m▄[38;2;88;171;225;49m▄[38;2;92;182;237;49m▄[38;2;67;133;173;48;2;66;131;169m▄[49m     [0m
[49m     [38;2;68;28;42;48;2;137;57;83m▄[38;2;178;76;115;48;2;189;81;123m▄[38;2;109;48;74;48;2;135;60;94m▄[38;2;160;147;136;49m▄[38;2;255;231;215;48;2;236;214;199m▄[48;2;255;227;212m [48;2;255;224;209m [38;2;254;220;205;48;2;255;220;206m▄[38;2;130;111;104;48;2;234;199;187m▄[49m      [49m [49m [38;2;68;103;163;49m▄[38;2;81;130;197;49m▄[38;2;83;137;203;48;2;71;118;175m▄[38;2;84;144;208;48;2;84;144;208m▄[48;2;86;151;214m [48;2;87;158;219m [38;2;87;162;220;48;2;89;165;224m▄[38;2;76;145;193;48;2;90;172;230m▄[38;2;41;81;106;48;2;91;178;234m▄[38;2;14;25;36;48;2;81;161;209m▄[38;2;65;114;163;49m▄[38;2;78;139;195;49m▄[38;2;87;158;219;49m▄[38;2;88;162;222;48;2;75;138;189m▄[38;2;89;166;225;48;2;85;159;215m▄[48;2;90;170;228m [48;2;91;174;231m [38;2;84;160;214;48;2;92;178;234m▄[38;2;58;108;148;48;2;92;182;237m▄[49m [49m     [0m
[49m        [38;2;167;154;143;48;2;198;182;169m▄[38;2;236;214;199;48;2;255;231;215m▄[48;2;255;227;212m [48;2;255;224;209m [38;2;127;111;104;48;2;193;167;157m▄[49m    [49m [38;2;41;45;95;49m▄[38;2;65;79;153;49m▄[38;2;72;95;170;48;2;59;79;140m▄[38;2;75;107;180;48;2;75;107;179m▄[48;2;78;120;189m [48;2;81;130;197m [48;2;83;137;203m [38;2;72;124;179;48;2;84;144;208m▄[38;2;34;60;86;48;2;84;149;210m▄[38;2;23;37;57;48;2;72;132;182m▄[38;2;66;107;161;49m▄[38;2;79;132;195;49m▄[38;2;84;141;206;48;2;68;115;168m▄[38;2;84;145;209;48;2;80;138;198m▄[48;2;85;149;212m [48;2;86;153;215m [38;2;86;155;215;48;2;87;158;219m▄[38;2;69;107;170;48;2;88;162;222m▄[38;2;54;43;120;48;2;88;164;223m▄[38;2;49;23;104;48;2;73;122;181m▄[38;2;31;15;67;48;2;57;61;132m▄[38;2;0;0;0;48;2;43;21;93m▄[49m       [0m
[49m          [38;2;0;0;0;48;2;196;176;163m▄[38;2;41;36;33;48;2;215;189;177m▄[49m   [49m [38;2;54;43;120;49m▄[38;2;62;59;141;48;2;51;49;116m▄[48;2;66;71;151m [48;2;69;83;161m [48;2;72;95;170m [48;2;75;107;180m [38;2;68;103;163;48;2;78;120;189m▄[38;2;28;44;68;48;2;77;122;186m▄[38;2;32;42;77;48;2;53;88;131m▄[38;2;67;93;159;49m▄[38;2;78;118;188;48;2;59;89;142m▄[38;2;81;129;196;48;2;77;123;188m▄[48;2;82;133;200m [48;2;83;137;203m [48;2;84;141;206m [38;2;75;122;184;48;2;84;145;209m▄[38;2;55;49;123;48;2;85;149;211m▄[38;2;51;24;108;48;2;69;105;167m▄[38;2;42;20;89;48;2;53;40;117m▄[38;2;8;3;17;48;2;49;23;106m▄[49m           [0m
[49m              [49m [38;2;36;23;78;48;2;53;34;116m▄[38;2;54;43;120;48;2;59;47;132m▄[48;2;62;59;141m [48;2;66;71;151m [38;2;68;83;159;48;2;69;83;161m▄[38;2;46;60;108;48;2;72;95;170m▄[38;2;11;9;26;48;2;57;82;137m▄[38;2;52;50;119;49m▄[38;2;66;74;153;48;2;47;53;110m▄[38;2;70;89;165;48;2;69;87;161m▄[48;2;74;103;176m [48;2;78;118;188m [48;2;81;129;196m [38;2;76;120;184;48;2;82;133;200m▄[38;2;53;47;120;48;2;81;135;200m▄[38;2;46;22;98;48;2;62;80;147m▄[38;2;23;11;49;48;2;50;26;108m▄[38;2;0;0;0;48;2;44;21;95m▄[49m              [0m
[49m                 [38;2;0;0;0;48;2;46;44;105m▄[38;2;5;6;12;48;2;62;67;142m▄[38;2;0;0;0;48;2;39;47;91m▄[38;2;42;25;92;49m▄[38;2;59;46;130;48;2;52;41;115m▄[48;2;63;60;142m [48;2;66;74;153m [48;2;70;89;165m [48;2;74;103;176m [38;2;62;90;149;48;2;78;118;188m▄[38;2;38;23;82;48;2;71;105;170m▄[38;2;0;0;0;48;2;48;32;105m▄[49m                  [0m
[49m                     [38;2;0;0;0;48;2;48;37;107m▄[48;2;55;53;125m▄[48;2;59;67;137m▄[48;2;61;77;143m▄[48;2;49;69;118m▄[49m                     [0m
[?25h